<bodies>
	<body name="b3_chaos_flail">
		<capsules>
			<capsule name="flail_body" length="0.820" origin="0.000, 0.000, 0.000" frame="-0.001887, 0.000000, -0.999998, 0.000000, 0.000000, 1.000000, 0.000000, 0.000000, 0.999998, 0.000000, -0.001887, 0.000000, -0.001626, 0.000000, -0.861561, 1.000000">
				<points>
					<point radius="0.070">
						<bones/>
					</point>
					<point radius="0.070">
						<bones/>
					</point>
				</points>
			</capsule>
		</capsules>
	</body>
	<body name="b3_chaos_horse" owner_skeleton="horse_skeleton">
		<capsules>
			<capsule name="horse_neck_1" length="0.320" origin="0.000, 0.000, 0.000" frame="0.005173, 0.688458, 0.725258, 0.000000, 0.001855, 0.725260, -0.688473, 0.000000, -0.999985, 0.004907, 0.002475, 0.000000, 0.000266, 0.644357, 1.305460, 1.000000">
				<points>
					<point radius="0.310">
						<bones>
							<bone name="horseneck1" weight="1.000"/>
						</bones>
					</point>
					<point radius="0.270">
						<bones>
							<bone name="horseneck1" weight="1.000"/>
						</bones>
					</point>
				</points>
			</capsule>
			<capsule name="horse_neck_3" length="0.230" origin="0.000, 0.000, 0.000" frame="0.013936, 0.803086, 0.595701, 0.000000, 0.242036, 0.575332, -0.781288, 0.000000, -0.970167, 0.155069, -0.186358, 0.000000, 0.005829, 1.083990, 1.763247, 1.000000">
				<points>
					<point radius="0.220">
						<bones>
							<bone name="horseneck1" weight="0.600"/>
							<bone name="horseneck2" weight="0.900"/>
						</bones>
					</point>
					<point radius="0.190">
						<bones>
							<bone name="horse_head" weight="0.000"/>
							<bone name="horse_head" weight="1.000"/>
						</bones>
					</point>
				</points>
			</capsule>
			<capsule name="horse_head" length="0.390" origin="0.000, 0.000, 0.000" frame="0.000101, 0.559243, -0.829004, 0.000000, -0.000439, -0.829003, -0.559243, 0.000000, -1.000000, 0.000420, 0.000161, 0.000000, -0.000003, 1.335170, 1.928275, 0.000000">
				<points>
					<point radius="0.170">
						<bones>
							<bone name="horse_head" weight="1.000"/>
							<bone name="horse_head" weight="0.000"/>
						</bones>
					</point>
					<point radius="0.110">
						<bones>
							<bone name="horse_head" weight="1.000"/>
							<bone name="horse_head" weight="0.000"/>
						</bones>
					</point>
				</points>
			</capsule>
			<capsule name="horse_neck_2" length="0.200" origin="0.000, 0.000, 0.000" frame="0.001857, 0.775109, 0.631824, 0.000000, -0.003624, 0.631826, -0.775101, 0.000000, -0.999991, -0.000850, 0.003982, 0.000000, -0.000264, 0.880085, 1.559321, 1.000000">
				<points>
					<point radius="0.270">
						<bones>
							<bone name="horseneck1" weight="1.000"/>
							<bone name="horseneck2" weight="0.000"/>
						</bones>
					</point>
					<point radius="0.200">
						<bones>
							<bone name="horseneck1" weight="0.000"/>
							<bone name="horseneck2" weight="1.000"/>
						</bones>
					</point>
				</points>
			</capsule>
			<capsule name="horse_ribcage" length="0.330" origin="0.000, 0.000, 0.000" frame="0.000024, 0.998123, -0.061243, 0.000000, 0.000205, -0.061243, -0.998123, 0.000000, -1.000000, 0.000011, -0.000206, 0.000000, 0.000006, 0.352822, 1.260661, 0.000000">
				<points>
					<point radius="0.290">
						<bones>
							<bone name="horsespine3" weight="1.000"/>
						</bones>
					</point>
					<point radius="0.330">
						<bones>
							<bone name="horsespine3" weight="1.000"/>
						</bones>
					</point>
				</points>
			</capsule>
			<capsule name="horse_spine" length="0.320" origin="0.000, 0.000, 0.000" frame="0.000001, 0.999786, 0.020690, 0.000000, 0.000208, 0.020690, -0.999786, 0.000000, -1.000000, 0.000005, -0.000208, 0.000000, 0.000024, -0.097827, 1.160079, 1.000000">
				<points>
					<point radius="0.380">
						<bones>
							<bone name="horsespine2" weight="1.000"/>
							<bone name="horsespine2" weight="0.000"/>
						</bones>
					</point>
					<point radius="0.370">
						<bones>
							<bone name="horsespine3" weight="1.000"/>
							<bone name="horsespine3" weight="0.000"/>
						</bones>
					</point>
				</points>
			</capsule>
			<capsule name="horse_pelvis" length="0.240" origin="0.000, 0.000, 0.000" frame="0.000114, 0.998382, 0.056857, 0.000000, 0.000207, 0.056857, -0.998382, 0.000000, -1.000000, 0.000125, -0.000200, 0.000000, 0.000029, -0.370262, 1.186581, 1.000000">
				<points>
					<point radius="0.390">
						<bones>
							<bone name="horsepelvis" weight="1.000"/>
							<bone name="horsepelvis" weight="0.000"/>
						</bones>
					</point>
					<point radius="0.380">
						<bones>
							<bone name="horsespine2" weight="1.000"/>
							<bone name="horsespine2" weight="0.000"/>
						</bones>
					</point>
				</points>
			</capsule>
			<capsule name="horse_fl_leg_1" length="0.250" origin="0.000, 0.000, 0.000" frame="-0.058806, 0.173182, -0.983132, 0.000000, 0.030040, 0.984698, 0.171662, 0.000000, 0.997817, -0.019439, -0.063109, 0.000000, -0.134067, 0.659232, 1.211426, 1.000000">
				<points>
					<point radius="0.180">
						<bones>
							<bone name="horselleg1" weight="1.000"/>
							<bone name="horselleg1" weight="0.000"/>
						</bones>
					</point>
					<point radius="0.170">
						<bones>
							<bone name="horselleg2" weight="1.000"/>
							<bone name="horselleg2" weight="0.000"/>
						</bones>
					</point>
				</points>
			</capsule>
			<capsule name="horse_fl_leg_2" length="0.570" origin="0.000, 0.000, 0.000" frame="0.018220, 0.017064, -0.999688, 0.000000, -0.058581, 0.998155, 0.015970, 0.000000, 0.998116, 0.058271, 0.019186, 0.000000, -0.160530, 0.687156, 0.932130, 0.000000">
				<points>
					<point radius="0.180">
						<bones>
							<bone name="horselleg2" weight="1.000"/>
							<bone name="horselleg2" weight="0.000"/>
						</bones>
					</point>
					<point radius="0.120">
						<bones>
							<bone name="horselleg3" weight="1.000"/>
							<bone name="horselleg3" weight="0.000"/>
						</bones>
					</point>
				</points>
			</capsule>
			<capsule name="horse_rl_leg_1" length="0.320" origin="0.000, 0.000, 0.000" frame="0.021238, 0.640204, -0.767911, 0.000000, -0.065830, 0.767313, 0.637885, 0.000000, 0.997605, 0.037004, 0.058441, 0.000000, -0.133465, -0.501122, 1.336974, 0.000000">
				<points>
					<point radius="0.170">
						<bones>
							<bone name="horselfemur" weight="1.000"/>
						</bones>
					</point>
					<point radius="0.210">
						<bones>
							<bone name="horselfemur" weight="1.000"/>
						</bones>
					</point>
				</points>
			</capsule>
			<capsule name="horse_rl_leg_2" length="0.490" origin="0.000, 0.000, 0.000" frame="0.024871, -0.576596, -0.816651, 0.000000, 0.040989, 0.816805, -0.575456, 0.000000, 0.998850, -0.019162, 0.043949, 0.000000, -0.156492, -0.381414, 0.995947, 0.000000">
				<points>
					<point radius="0.180">
						<bones>
							<bone name="horseltibia" weight="1.000"/>
						</bones>
					</point>
					<point radius="0.130">
						<bones>
							<bone name="horseltibia" weight="1.000"/>
						</bones>
					</point>
				</points>
			</capsule>
			<capsule name="horse_fr_leg_1" length="0.250" origin="0.000, 0.000, 0.000" frame="0.103011, 0.038032, -0.993953, 0.000000, -0.000558, 0.999271, 0.038178, 0.000000, 0.994680, -0.003378, 0.102958, 0.000000, 0.131896, 0.684616, 1.218148, 1.000000">
				<points>
					<point radius="0.180">
						<bones>
							<bone name="horserleg1" weight="1.000"/>
						</bones>
					</point>
					<point radius="0.190">
						<bones>
							<bone name="horserleg2" weight="1.000"/>
						</bones>
					</point>
				</points>
			</capsule>
			<capsule name="horse_rr_leg_2" length="0.490" origin="0.000, 0.000, 0.000" frame="-0.039560, -0.576212, -0.816343, 0.000000, -0.040497, 0.817235, -0.574879, 0.000000, 0.998396, 0.010318, -0.055664, 0.000000, 0.167708, -0.387728, 0.985317, 1.000000">
				<points>
					<point radius="0.160">
						<bones>
							<bone name="horsertibia" weight="1.000"/>
						</bones>
					</point>
					<point radius="0.130">
						<bones>
							<bone name="horsertibia" weight="1.000"/>
						</bones>
					</point>
				</points>
			</capsule>
			<capsule name="horse_fr_leg_2" length="0.580" origin="0.000, 0.000, 0.000" frame="-0.032417, -0.000715, -0.999474, 0.000000, 0.003145, 0.999995, -0.000818, 0.000000, 0.999470, -0.003170, -0.032415, 0.000000, 0.171766, 0.688684, 0.966651, 0.000000">
				<points>
					<point radius="0.180">
						<bones>
							<bone name="horserleg2" weight="1.000"/>
							<bone name="horserleg2" weight="0.000"/>
						</bones>
					</point>
					<point radius="0.120">
						<bones>
							<bone name="horserleg3" weight="1.000"/>
							<bone name="horserleg3" weight="0.000"/>
						</bones>
					</point>
				</points>
			</capsule>
			<capsule name="horse_rr_leg_1" length="0.330" origin="0.000, 0.000, 0.000" frame="-0.037173, 0.300417, -0.953083, 0.000000, -0.025224, 0.953156, 0.301424, 0.000000, 0.998990, 0.035245, -0.027854, 0.000000, 0.181019, -0.495303, 1.326603, 1.000000">
				<points>
					<point radius="0.140">
						<bones>
							<bone name="horserfemur" weight="1.000"/>
						</bones>
					</point>
					<point radius="0.200">
						<bones>
							<bone name="horserfemur" weight="1.000"/>
						</bones>
					</point>
				</points>
			</capsule>
			<capsule name="horse_rr_leg_2" length="0.530" origin="0.000, 0.000, 0.000" frame="-0.054662, 0.018770, -0.998328, 0.000000, -0.072391, 0.997118, 0.022711, 0.000000, 0.995877, 0.073511, -0.053146, 0.000000, 0.150844, -0.633371, 0.637303, 1.000000">
				<points>
					<point radius="0.120">
						<bones>
							<bone name="horserlargecannon" weight="1.000"/>
						</bones>
					</point>
					<point radius="0.100">
						<bones>
							<bone name="horserlargecannon" weight="1.000"/>
						</bones>
					</point>
				</points>
			</capsule>
			<capsule name="horse_rr_leg_test" length="0.530" origin="0.000, 0.000, 0.000" frame="-0.054662, 0.018770, -0.998328, 0.000000, -0.072391, 0.997118, 0.022711, 0.000000, 0.995877, 0.073511, -0.053146, 0.000000, -0.145244, -0.655227, 0.653104, 1.000000">
				<points>
					<point radius="0.120">
						<bones>
							<bone name="horsellargecannon" weight="1.000"/>
						</bones>
					</point>
					<point radius="0.100">
						<bones>
							<bone name="horsellargecannon" weight="1.000"/>
						</bones>
					</point>
				</points>
			</capsule>
		</capsules>
	</body>
	<body name="b3_chaos_warrior_legs" owner_skeleton="human_skeleton">
		<capsules>
			<capsule name="r_thigh" length="0.300" origin="0.000, 0.000, 0.000" frame="0.168202, 0.001457, -0.985751, 0.000000, 0.000667, 0.999998, 0.001592, 0.000000, 0.985752, -0.000925, 0.168201, 0.000000, 0.064777, 0.006295, 0.911189, 1.000000">
				<points>
					<point radius="0.170">
						<bones>
							<bone name="r_thigh" weight="1.000"/>
						</bones>
					</point>
					<point radius="0.170">
						<bones>
							<bone name="r_thigh" weight="1.000"/>
						</bones>
					</point>
				</points>
			</capsule>
			<capsule name="l_thigh" length="0.300" origin="0.000, 0.000, 0.000" frame="-0.202210, -0.015297, -0.979222, 0.000000, -0.001992, 0.999883, -0.015208, 0.000000, 0.979340, -0.001125, -0.202217, 0.000000, -0.062190, 0.011701, 0.912197, 1.000000">
				<points>
					<point radius="0.170">
						<bones>
							<bone name="l_thigh" weight="1.000"/>
						</bones>
					</point>
					<point radius="0.170">
						<bones>
							<bone name="l_thigh" weight="1.000"/>
						</bones>
					</point>
				</points>
			</capsule>
			<capsule name="r_calf" length="0.370" origin="0.000, 0.000, 0.000" frame="0.077815, -0.119797, -0.989744, 0.000000, 0.010184, 0.992799, -0.119366, 0.000000, 0.996916, -0.000791, 0.078475, 0.000000, 0.132310, -0.006526, 0.497250, 1.000000">
				<points>
					<point radius="0.140">
						<bones>
							<bone name="r_calf" weight="1.000"/>
						</bones>
					</point>
					<point radius="0.140">
						<bones>
							<bone name="r_calf" weight="1.000"/>
						</bones>
					</point>
				</points>
			</capsule>
			<capsule name="l_calf" length="0.370" origin="0.000, 0.000, 0.000" frame="-0.077815, -0.119797, -0.989744, 0.000000, -0.010185, 0.992798, -0.119366, 0.000000, 0.996916, 0.000792, -0.078475, 0.000000, -0.133413, -0.006614, 0.498397, 1.000000">
				<points>
					<point radius="0.140">
						<bones>
							<bone name="l_calf" weight="1.000"/>
						</bones>
					</point>
					<point radius="0.140">
						<bones>
							<bone name="l_calf" weight="1.000"/>
						</bones>
					</point>
				</points>
			</capsule>
			<capsule name="pelvis" length="0.200" origin="0.000, 0.000, 0.000" frame="-0.001323, 0.000001, 0.999999, 0.000000, -0.000021, 1.000000, -0.000001, 0.000000, -0.999999, -0.000021, -0.001323, 0.000000, 0.000179, 0.020089, 0.778891, 1.000000">
				<points>
					<point radius="0.190">
						<bones>
							<bone name="pelvis" weight="1.000"/>
						</bones>
					</point>
					<point radius="0.180">
						<bones>
							<bone name="pelvis" weight="1.000"/>
						</bones>
					</point>
				</points>
			</capsule>
		</capsules>
	</body>
	<body name="b3_chaos_cultist_banner">
		<capsules>
			<capsule name="main_pole" length="3.400" origin="0.000, 0.000, 0.000" frame="0.000274, 0.000000, 1.000000, 0.000000, 0.000000, 1.000000, 0.000000, 0.000000, -1.000000, 0.000000, 0.000274, 0.000000, 0.000000, 0.000000, 0.000000, 1.000000">
				<points>
					<point radius="0.050">
						<bones/>
					</point>
					<point radius="0.050">
						<bones/>
					</point>
				</points>
			</capsule>
			<capsule name="sidepole_r" length="0.640" origin="0.000, 0.000, 0.000" frame="0.434654, -0.000000, 0.900597, 0.000000, 0.000000, 1.000000, 0.000000, 0.000000, -0.900597, 0.000000, 0.434654, 0.000000, 0.005940, 0.000000, 2.840065, 1.000000">
				<points>
					<point radius="0.050">
						<bones/>
					</point>
					<point radius="0.050">
						<bones/>
					</point>
				</points>
			</capsule>
			<capsule name="sidepole_l" length="0.640" origin="0.000, 0.000, 0.000" frame="-0.423932, 0.000000, 0.905694, 0.000000, 0.000000, 1.000000, 0.000000, 0.000000, -0.905694, 0.000000, -0.423932, 0.000000, 0.005940, 0.000000, 2.840065, 1.000000">
				<points>
					<point radius="0.050">
						<bones/>
					</point>
					<point radius="0.050">
						<bones/>
					</point>
				</points>
			</capsule>
		</capsules>
	</body>
	<body name="b3_chaos_cultist_banner">
		<capsules>
			<capsule name="main_pole" length="3.400" origin="0.000, 0.000, 0.000" frame="0.000274, 0.000000, 1.000000, 0.000000, 0.000000, 1.000000, 0.000000, 0.000000, -1.000000, 0.000000, 0.000274, 0.000000, 0.000000, 0.000000, 0.000000, 1.000000">
				<points>
					<point radius="0.050">
						<bones/>
					</point>
					<point radius="0.050">
						<bones/>
					</point>
				</points>
			</capsule>
			<capsule name="sidepole_r" length="0.640" origin="0.000, 0.000, 0.000" frame="0.434654, -0.000000, 0.900597, 0.000000, 0.000000, 1.000000, 0.000000, 0.000000, -0.900597, 0.000000, 0.434654, 0.000000, 0.005940, 0.000000, 2.840065, 1.000000">
				<points>
					<point radius="0.050">
						<bones/>
					</point>
					<point radius="0.050">
						<bones/>
					</point>
				</points>
			</capsule>
			<capsule name="sidepole_l" length="0.640" origin="0.000, 0.000, 0.000" frame="-0.423932, 0.000000, 0.905694, 0.000000, 0.000000, 1.000000, 0.000000, 0.000000, -0.905694, 0.000000, -0.423932, 0.000000, 0.005940, 0.000000, 2.840065, 1.000000">
				<points>
					<point radius="0.050">
						<bones/>
					</point>
					<point radius="0.050">
						<bones/>
					</point>
				</points>
			</capsule>
		</capsules>
	</body>
	<body name="b3_chaos_flail">
		<capsules>
			<capsule name="flail_body" length="0.820" origin="0.000, 0.000, 0.000" frame="-0.001887, 0.000000, -0.999998, 0.000000, 0.000000, 1.000000, 0.000000, 0.000000, 0.999998, 0.000000, -0.001887, 0.000000, -0.000894, 0.000000, -0.473791, 1.000000">
				<points>
					<point radius="0.050">
						<bones/>
					</point>
					<point radius="0.050">
						<bones/>
					</point>
				</points>
			</capsule>
		</capsules>
	</body>
	<body name="b3_chaos_horse" owner_skeleton="horse_skeleton">
		<capsules>
			<capsule name="horse_neck_1" length="0.320" origin="0.000, 0.000, 0.000" frame="0.005173, 0.688458, 0.725258, 0.000000, 0.001855, 0.725260, -0.688473, 0.000000, -0.999985, 0.004907, 0.002475, 0.000000, 0.000266, 0.644357, 1.305460, 1.000000">
				<points>
					<point radius="0.310">
						<bones>
							<bone name="horseneck1" weight="1.000"/>
						</bones>
					</point>
					<point radius="0.270">
						<bones>
							<bone name="horseneck1" weight="1.000"/>
						</bones>
					</point>
				</points>
			</capsule>
			<capsule name="horse_neck_3" length="0.230" origin="0.000, 0.000, 0.000" frame="0.013936, 0.803086, 0.595701, 0.000000, 0.242036, 0.575332, -0.781288, 0.000000, -0.970167, 0.155069, -0.186358, 0.000000, 0.005829, 1.083990, 1.763247, 1.000000">
				<points>
					<point radius="0.220">
						<bones>
							<bone name="horseneck1" weight="0.600"/>
							<bone name="horseneck2" weight="0.900"/>
						</bones>
					</point>
					<point radius="0.190">
						<bones>
							<bone name="horse_head" weight="0.000"/>
							<bone name="horse_head" weight="1.000"/>
						</bones>
					</point>
				</points>
			</capsule>
			<capsule name="horse_head" length="0.390" origin="0.000, 0.000, 0.000" frame="0.000101, 0.559243, -0.829004, 0.000000, -0.000439, -0.829003, -0.559243, 0.000000, -1.000000, 0.000420, 0.000161, 0.000000, -0.000003, 1.335170, 1.928275, 0.000000">
				<points>
					<point radius="0.170">
						<bones>
							<bone name="horse_head" weight="1.000"/>
							<bone name="horse_head" weight="0.000"/>
						</bones>
					</point>
					<point radius="0.110">
						<bones>
							<bone name="horse_head" weight="1.000"/>
							<bone name="horse_head" weight="0.000"/>
						</bones>
					</point>
				</points>
			</capsule>
			<capsule name="horse_neck_2" length="0.200" origin="0.000, 0.000, 0.000" frame="0.001857, 0.775109, 0.631824, 0.000000, -0.003624, 0.631826, -0.775101, 0.000000, -0.999991, -0.000850, 0.003982, 0.000000, -0.000264, 0.880085, 1.559321, 1.000000">
				<points>
					<point radius="0.270">
						<bones>
							<bone name="horseneck1" weight="1.000"/>
							<bone name="horseneck2" weight="0.000"/>
						</bones>
					</point>
					<point radius="0.200">
						<bones>
							<bone name="horseneck1" weight="0.000"/>
							<bone name="horseneck2" weight="1.000"/>
						</bones>
					</point>
				</points>
			</capsule>
			<capsule name="horse_ribcage" length="0.330" origin="0.000, 0.000, 0.000" frame="0.000024, 0.998123, -0.061243, 0.000000, 0.000205, -0.061243, -0.998123, 0.000000, -1.000000, 0.000011, -0.000206, 0.000000, 0.000006, 0.352822, 1.260661, 0.000000">
				<points>
					<point radius="0.290">
						<bones>
							<bone name="horsespine3" weight="1.000"/>
						</bones>
					</point>
					<point radius="0.330">
						<bones>
							<bone name="horsespine3" weight="1.000"/>
						</bones>
					</point>
				</points>
			</capsule>
			<capsule name="horse_spine" length="0.320" origin="0.000, 0.000, 0.000" frame="0.000001, 0.999786, 0.020690, 0.000000, 0.000208, 0.020690, -0.999786, 0.000000, -1.000000, 0.000005, -0.000208, 0.000000, 0.000024, -0.097827, 1.160079, 1.000000">
				<points>
					<point radius="0.380">
						<bones>
							<bone name="horsespine2" weight="1.000"/>
							<bone name="horsespine2" weight="0.000"/>
						</bones>
					</point>
					<point radius="0.370">
						<bones>
							<bone name="horsespine3" weight="1.000"/>
							<bone name="horsespine3" weight="0.000"/>
						</bones>
					</point>
				</points>
			</capsule>
			<capsule name="horse_pelvis" length="0.240" origin="0.000, 0.000, 0.000" frame="0.000114, 0.998382, 0.056857, 0.000000, 0.000207, 0.056857, -0.998382, 0.000000, -1.000000, 0.000125, -0.000200, 0.000000, 0.000029, -0.370262, 1.186581, 1.000000">
				<points>
					<point radius="0.390">
						<bones>
							<bone name="horsepelvis" weight="1.000"/>
							<bone name="horsepelvis" weight="0.000"/>
						</bones>
					</point>
					<point radius="0.380">
						<bones>
							<bone name="horsespine2" weight="1.000"/>
							<bone name="horsespine2" weight="0.000"/>
						</bones>
					</point>
				</points>
			</capsule>
			<capsule name="horse_fl_leg_1" length="0.250" origin="0.000, 0.000, 0.000" frame="-0.058806, 0.173182, -0.983132, 0.000000, 0.030040, 0.984698, 0.171662, 0.000000, 0.997817, -0.019439, -0.063109, 0.000000, -0.134067, 0.659232, 1.211426, 1.000000">
				<points>
					<point radius="0.180">
						<bones>
							<bone name="horselleg1" weight="1.000"/>
							<bone name="horselleg1" weight="0.000"/>
						</bones>
					</point>
					<point radius="0.170">
						<bones>
							<bone name="horselleg2" weight="1.000"/>
							<bone name="horselleg2" weight="0.000"/>
						</bones>
					</point>
				</points>
			</capsule>
			<capsule name="horse_fl_leg_2" length="0.570" origin="0.000, 0.000, 0.000" frame="0.018220, 0.017064, -0.999688, 0.000000, -0.058581, 0.998155, 0.015970, 0.000000, 0.998116, 0.058271, 0.019186, 0.000000, -0.160530, 0.687156, 0.932130, 0.000000">
				<points>
					<point radius="0.180">
						<bones>
							<bone name="horselleg2" weight="1.000"/>
							<bone name="horselleg2" weight="0.000"/>
						</bones>
					</point>
					<point radius="0.120">
						<bones>
							<bone name="horselleg3" weight="1.000"/>
							<bone name="horselleg3" weight="0.000"/>
						</bones>
					</point>
				</points>
			</capsule>
			<capsule name="horse_rl_leg_1" length="0.320" origin="0.000, 0.000, 0.000" frame="0.021238, 0.640204, -0.767911, 0.000000, -0.065830, 0.767313, 0.637885, 0.000000, 0.997605, 0.037004, 0.058441, 0.000000, -0.133465, -0.501122, 1.336974, 0.000000">
				<points>
					<point radius="0.170">
						<bones>
							<bone name="horselfemur" weight="1.000"/>
						</bones>
					</point>
					<point radius="0.210">
						<bones>
							<bone name="horselfemur" weight="1.000"/>
						</bones>
					</point>
				</points>
			</capsule>
			<capsule name="horse_rl_leg_2" length="0.490" origin="0.000, 0.000, 0.000" frame="0.024871, -0.576596, -0.816651, 0.000000, 0.040989, 0.816805, -0.575456, 0.000000, 0.998850, -0.019162, 0.043949, 0.000000, -0.156492, -0.381414, 0.995947, 0.000000">
				<points>
					<point radius="0.180">
						<bones>
							<bone name="horseltibia" weight="1.000"/>
						</bones>
					</point>
					<point radius="0.130">
						<bones>
							<bone name="horseltibia" weight="1.000"/>
						</bones>
					</point>
				</points>
			</capsule>
			<capsule name="horse_fr_leg_1" length="0.250" origin="0.000, 0.000, 0.000" frame="0.103011, 0.038032, -0.993953, 0.000000, -0.000558, 0.999271, 0.038178, 0.000000, 0.994680, -0.003378, 0.102958, 0.000000, 0.131896, 0.684616, 1.218148, 1.000000">
				<points>
					<point radius="0.180">
						<bones>
							<bone name="horserleg1" weight="1.000"/>
						</bones>
					</point>
					<point radius="0.190">
						<bones>
							<bone name="horserleg2" weight="1.000"/>
						</bones>
					</point>
				</points>
			</capsule>
			<capsule name="horse_rr_leg_2" length="0.490" origin="0.000, 0.000, 0.000" frame="-0.039560, -0.576212, -0.816343, 0.000000, -0.040497, 0.817235, -0.574879, 0.000000, 0.998396, 0.010318, -0.055664, 0.000000, 0.167708, -0.387728, 0.985317, 1.000000">
				<points>
					<point radius="0.160">
						<bones>
							<bone name="horsertibia" weight="1.000"/>
						</bones>
					</point>
					<point radius="0.130">
						<bones>
							<bone name="horsertibia" weight="1.000"/>
						</bones>
					</point>
				</points>
			</capsule>
			<capsule name="horse_fr_leg_2" length="0.580" origin="0.000, 0.000, 0.000" frame="-0.032417, -0.000715, -0.999474, 0.000000, 0.003145, 0.999995, -0.000818, 0.000000, 0.999470, -0.003170, -0.032415, 0.000000, 0.171766, 0.688684, 0.966651, 0.000000">
				<points>
					<point radius="0.180">
						<bones>
							<bone name="horserleg2" weight="1.000"/>
							<bone name="horserleg2" weight="0.000"/>
						</bones>
					</point>
					<point radius="0.120">
						<bones>
							<bone name="horserleg3" weight="1.000"/>
							<bone name="horserleg3" weight="0.000"/>
						</bones>
					</point>
				</points>
			</capsule>
			<capsule name="horse_rr_leg_1" length="0.330" origin="0.000, 0.000, 0.000" frame="-0.037173, 0.300417, -0.953083, 0.000000, -0.025224, 0.953156, 0.301424, 0.000000, 0.998990, 0.035245, -0.027854, 0.000000, 0.181019, -0.495303, 1.326603, 1.000000">
				<points>
					<point radius="0.140">
						<bones>
							<bone name="horserfemur" weight="1.000"/>
						</bones>
					</point>
					<point radius="0.200">
						<bones>
							<bone name="horserfemur" weight="1.000"/>
						</bones>
					</point>
				</points>
			</capsule>
			<capsule name="horse_rr_leg_2" length="0.530" origin="0.000, 0.000, 0.000" frame="-0.054662, 0.018770, -0.998328, 0.000000, -0.072391, 0.997118, 0.022711, 0.000000, 0.995877, 0.073511, -0.053146, 0.000000, 0.150844, -0.633371, 0.637303, 1.000000">
				<points>
					<point radius="0.120">
						<bones>
							<bone name="horserlargecannon" weight="1.000"/>
						</bones>
					</point>
					<point radius="0.100">
						<bones>
							<bone name="horserlargecannon" weight="1.000"/>
						</bones>
					</point>
				</points>
			</capsule>
			<capsule name="horse_rr_leg_test" length="0.530" origin="0.000, 0.000, 0.000" frame="-0.054662, 0.018770, -0.998328, 0.000000, -0.072391, 0.997118, 0.022711, 0.000000, 0.995877, 0.073511, -0.053146, 0.000000, -0.145244, -0.655227, 0.653104, 1.000000">
				<points>
					<point radius="0.120">
						<bones>
							<bone name="horsellargecannon" weight="1.000"/>
						</bones>
					</point>
					<point radius="0.100">
						<bones>
							<bone name="horsellargecannon" weight="1.000"/>
						</bones>
					</point>
				</points>
			</capsule>
		</capsules>
	</body>
	<body name="b3_chaos_warrior_legs" owner_skeleton="human_skeleton">
		<capsules>
			<capsule name="r_thigh" length="0.300" origin="0.000, 0.000, 0.000" frame="0.168202, 0.001457, -0.985751, 0.000000, 0.000667, 0.999998, 0.001592, 0.000000, 0.985752, -0.000925, 0.168201, 0.000000, 0.064777, 0.006295, 0.911189, 1.000000">
				<points>
					<point radius="0.170">
						<bones>
							<bone name="r_thigh" weight="1.000"/>
						</bones>
					</point>
					<point radius="0.170">
						<bones>
							<bone name="r_thigh" weight="1.000"/>
						</bones>
					</point>
				</points>
			</capsule>
			<capsule name="l_thigh" length="0.300" origin="0.000, 0.000, 0.000" frame="-0.202210, -0.015297, -0.979222, 0.000000, -0.001992, 0.999883, -0.015208, 0.000000, 0.979340, -0.001125, -0.202217, 0.000000, -0.062190, 0.011701, 0.912197, 1.000000">
				<points>
					<point radius="0.170">
						<bones>
							<bone name="l_thigh" weight="1.000"/>
						</bones>
					</point>
					<point radius="0.170">
						<bones>
							<bone name="l_thigh" weight="1.000"/>
						</bones>
					</point>
				</points>
			</capsule>
			<capsule name="r_calf" length="0.370" origin="0.000, 0.000, 0.000" frame="0.077815, -0.119797, -0.989744, 0.000000, 0.010184, 0.992799, -0.119366, 0.000000, 0.996916, -0.000791, 0.078475, 0.000000, 0.132310, -0.006526, 0.497250, 1.000000">
				<points>
					<point radius="0.140">
						<bones>
							<bone name="r_calf" weight="1.000"/>
						</bones>
					</point>
					<point radius="0.140">
						<bones>
							<bone name="r_calf" weight="1.000"/>
						</bones>
					</point>
				</points>
			</capsule>
			<capsule name="l_calf" length="0.370" origin="0.000, 0.000, 0.000" frame="-0.077815, -0.119797, -0.989744, 0.000000, -0.010185, 0.992798, -0.119366, 0.000000, 0.996916, 0.000792, -0.078475, 0.000000, -0.133413, -0.006614, 0.498397, 1.000000">
				<points>
					<point radius="0.140">
						<bones>
							<bone name="l_calf" weight="1.000"/>
						</bones>
					</point>
					<point radius="0.140">
						<bones>
							<bone name="l_calf" weight="1.000"/>
						</bones>
					</point>
				</points>
			</capsule>
			<capsule name="pelvis" length="0.200" origin="0.000, 0.000, 0.000" frame="-0.001323, 0.000001, 0.999999, 0.000000, -0.000021, 1.000000, -0.000001, 0.000000, -0.999999, -0.000021, -0.001323, 0.000000, 0.000179, 0.020089, 0.778891, 1.000000">
				<points>
					<point radius="0.190">
						<bones>
							<bone name="pelvis" weight="1.000"/>
						</bones>
					</point>
					<point radius="0.180">
						<bones>
							<bone name="pelvis" weight="1.000"/>
						</bones>
					</point>
				</points>
			</capsule>
		</capsules>
	</body>
</bodies>

